10000 -350 150 150 -200 150 150 150 -50 450 450 450 450 450 450 450 450 450 450 450 -125 -350 150 150 -200 150 150 150 -50 450 450 450 450 450 450 450 450 450 450 450 -325 150 -200 150 -50 450 450 450 450 -325 150 -200 150 -50 450 450 450 450 25 -200 300 300 -50 300 300 300 100 600 600 600 600 600 600 600 600 600 600 600 
-350 10000 150 150 150 -200 150 150 450 -50 450 450 450 450 450 450 450 450 450 450 -350 -125 150 150 150 -200 150 150 450 -50 450 450 450 450 450 450 450 450 450 450 -350 150 150 150 450 -50 450 450 450 -350 150 150 150 450 -50 450 450 450 -200 25 300 300 300 -50 300 300 600 100 600 600 600 600 600 600 600 600 600 600 
150 150 10000 -350 150 150 -200 150 450 450 450 450 450 450 450 450 450 450 450 450 150 150 -125 -350 150 150 -200 150 450 450 450 450 450 450 450 450 450 450 450 450 150 -325 150 -200 450 450 450 450 450 150 -325 150 -200 450 450 450 450 450 300 300 25 -200 300 300 -50 300 600 600 600 600 600 600 600 600 600 600 600 600 
150 150 -350 10000 150 150 150 -200 450 450 450 -50 450 450 450 450 450 450 450 450 150 150 -350 -125 150 150 150 -200 450 450 450 -50 450 450 450 450 450 450 450 450 150 -350 150 150 450 450 450 450 450 150 -350 150 150 450 450 450 450 450 300 300 -200 25 300 300 300 -50 600 600 600 100 600 600 600 600 600 600 600 600 
-200 150 150 150 10000 -350 150 150 -200 150 150 150 -50 450 450 450 450 450 450 450 -200 150 150 150 -125 -350 150 150 -200 150 150 150 -50 450 450 450 450 450 450 450 -200 150 -325 150 -200 150 450 450 450 -200 150 -325 150 -200 150 450 450 450 -50 300 300 300 25 -200 300 300 -50 300 300 300 100 600 600 600 600 600 600 600 
150 -200 150 150 -350 10000 150 150 150 -200 150 150 450 450 450 450 450 450 450 450 150 -200 150 150 -350 -125 150 150 150 -200 150 150 450 450 450 450 450 450 450 450 150 150 -350 150 150 -200 450 450 450 150 150 -350 150 150 -200 450 450 450 300 -50 300 300 -200 25 300 300 300 -50 300 300 600 600 600 600 600 600 600 600 
150 150 -200 150 150 150 10000 -350 150 150 -200 150 450 450 -50 450 450 450 450 450 150 150 -200 150 150 150 -125 -350 150 150 -200 150 450 450 -50 450 450 450 450 450 150 -200 150 -325 150 150 450 450 450 150 -200 150 -325 150 150 450 450 450 300 300 -50 300 300 300 25 -200 300 300 -50 300 600 600 100 600 600 600 600 600 
150 150 150 -200 150 150 -350 10000 150 150 150 -200 450 450 450 450 450 450 450 450 150 150 150 -200 150 150 -350 -125 150 150 150 -200 450 450 450 450 450 450 450 450 150 150 150 -350 150 150 450 450 450 150 150 150 -350 150 150 450 450 450 300 300 300 -50 300 300 -200 25 300 300 300 -50 600 600 600 600 600 600 600 600 
-50 450 450 450 -200 150 150 150 10000 -350 150 150 -200 150 150 150 -50 450 450 450 -50 450 450 450 -200 150 150 150 -125 -350 150 150 -200 150 150 150 -50 450 450 450 -50 450 -200 150 -325 -350 150 450 450 -50 450 -200 150 -325 -350 150 450 450 100 600 600 600 -50 300 300 300 25 -200 300 300 -50 300 300 300 100 600 600 600 
450 -50 450 450 150 -200 150 150 -350 10000 -350 150 150 -200 150 150 450 450 450 450 450 -50 450 450 150 -200 150 150 -350 -125 -350 150 150 -200 150 150 450 450 450 450 450 450 150 150 -350 -325 -200 450 450 450 450 150 150 -350 -325 -200 450 450 600 100 600 600 300 -50 300 300 -200 25 -200 300 300 -50 300 300 600 600 600 600 
450 450 450 450 150 150 -200 150 150 -350 10000 150 150 -350 -200 150 450 450 450 450 450 450 450 450 150 150 -200 150 150 -350 -125 150 150 -350 -200 150 450 450 450 450 450 450 150 -200 150 -350 -350 450 450 450 450 150 -200 150 -350 -350 450 450 600 600 600 600 300 300 -50 300 300 -200 25 300 300 -200 -50 300 600 600 600 600 
450 450 450 -50 150 150 150 -200 150 150 150 10000 150 150 150 -200 450 450 450 -50 450 450 450 -50 150 150 150 -200 150 150 150 -125 150 150 150 -200 450 450 450 -50 450 450 150 150 150 150 150 450 450 450 450 150 150 150 150 150 450 450 600 600 600 100 300 300 300 -50 300 300 300 25 300 300 300 -50 600 600 600 100 
450 450 450 450 -50 450 450 450 -200 150 150 150 10000 150 150 150 -200 150 150 150 450 450 450 450 -50 450 450 450 -200 150 150 150 -125 150 150 150 -200 150 150 150 450 450 -50 450 -200 150 150 150 150 450 450 -50 450 -200 150 150 150 150 600 600 600 600 100 600 600 600 -50 300 300 300 25 300 300 300 -50 300 300 300 
450 450 450 450 450 450 450 450 150 -200 -350 150 150 10000 -350 150 150 -200 150 150 450 450 450 450 450 450 450 450 150 -200 -350 150 150 -125 -350 150 150 -200 150 150 450 450 450 450 150 -200 -325 -200 150 450 450 450 450 150 -200 -325 -200 150 600 600 600 600 600 600 600 600 300 -50 -200 300 300 25 -200 300 300 -50 300 300 
450 450 450 450 450 450 -50 450 150 150 -200 150 150 -350 10000 150 150 150 -200 150 450 450 450 450 450 450 -50 450 150 150 -200 150 150 -350 -125 150 150 150 -200 150 450 450 450 -50 150 150 -350 150 -200 450 450 450 -50 150 150 -350 150 -200 600 600 600 600 600 600 100 600 300 300 -50 300 300 -200 25 300 300 300 -50 300 
450 450 450 450 450 450 450 450 150 150 150 -200 150 150 150 10000 150 150 150 -200 450 450 450 450 450 450 450 450 150 150 150 -200 150 150 150 -125 150 150 150 -200 450 450 450 450 150 150 150 150 150 450 450 450 450 150 150 150 150 150 600 600 600 600 600 600 600 600 300 300 300 -50 300 300 300 25 300 300 300 -50 
450 450 450 450 450 450 450 450 -50 450 450 450 -200 150 150 150 10000 150 150 150 450 450 450 450 450 450 450 450 -50 450 450 450 -200 150 150 150 -125 150 150 150 450 450 450 450 -50 450 150 150 150 450 450 450 450 -50 450 150 150 150 600 600 600 600 600 600 600 600 100 600 600 600 -50 300 300 300 25 300 300 300 
450 450 450 450 450 450 450 450 450 450 450 450 150 -200 150 150 150 10000 -350 150 450 450 450 450 450 450 450 450 450 450 450 450 150 -200 150 150 150 -125 -350 150 450 450 450 450 450 450 -200 -325 -350 450 450 450 450 450 450 -200 -325 -350 600 600 600 600 600 600 600 600 600 600 600 600 300 -50 300 300 300 25 -200 300 
450 450 450 450 450 450 450 450 450 450 450 450 150 150 -200 150 150 -350 10000 -350 450 450 450 450 450 450 450 450 450 450 450 450 150 150 -200 150 150 -350 -125 -350 450 450 450 450 450 450 150 -350 -325 450 450 450 450 450 450 150 -350 -325 600 600 600 600 600 600 600 600 600 600 600 600 300 300 -50 300 300 -200 25 -200 
450 450 450 450 450 450 450 450 450 450 450 -50 150 150 150 -200 150 150 -350 10000 450 450 450 450 450 450 450 450 450 450 450 -50 150 150 150 -200 150 150 -350 -125 450 450 450 450 450 450 150 150 -350 450 450 450 450 450 450 150 150 -350 600 600 600 600 600 600 600 600 600 600 600 100 300 300 300 -50 300 300 -200 25 
-125 -350 150 150 -200 150 150 150 -50 450 450 450 450 450 450 450 450 450 450 450 10000 -350 150 150 -200 150 150 150 -50 450 450 450 450 450 450 450 450 450 450 450 -325 150 -200 150 -50 450 450 450 450 -325 150 -200 150 -50 450 450 450 450 25 -200 300 300 -50 300 300 300 100 600 600 600 600 600 600 600 600 600 600 600 
-350 -125 150 150 150 -200 150 150 450 -50 450 450 450 450 450 450 450 450 450 450 -350 10000 150 150 150 -200 150 150 450 -50 450 450 450 450 450 450 450 450 450 450 -350 150 150 150 450 -50 450 450 450 -350 150 150 150 450 -50 450 450 450 -200 25 300 300 300 -50 300 300 600 100 600 600 600 600 600 600 600 600 600 600 
150 150 -125 -350 150 150 -200 150 450 450 450 450 450 450 450 450 450 450 450 450 150 150 10000 -350 150 150 -200 150 450 450 450 450 450 450 450 450 450 450 450 450 150 -325 150 -200 450 450 450 450 450 150 -325 150 -200 450 450 450 450 450 300 300 25 -200 300 300 -50 300 600 600 600 600 600 600 600 600 600 600 600 600 
150 150 -350 -125 150 150 150 -200 450 450 450 -50 450 450 450 450 450 450 450 450 150 150 -350 10000 150 150 150 -200 450 450 450 -50 450 450 450 450 450 450 450 450 150 -350 150 150 450 450 450 450 450 150 -350 150 150 450 450 450 450 450 300 300 -200 25 300 300 300 -50 600 600 600 100 600 600 600 600 600 600 600 600 
-200 150 150 150 -125 -350 150 150 -200 150 150 150 -50 450 450 450 450 450 450 450 -200 150 150 150 10000 -350 150 150 -200 150 150 150 -50 450 450 450 450 450 450 450 -200 150 -325 150 -200 150 450 450 450 -200 150 -325 150 -200 150 450 450 450 -50 300 300 300 25 -200 300 300 -50 300 300 300 100 600 600 600 600 600 600 600 
150 -200 150 150 -350 -125 150 150 150 -200 150 150 450 450 450 450 450 450 450 450 150 -200 150 150 -350 10000 150 150 150 -200 150 150 450 450 450 450 450 450 450 450 150 150 -350 150 150 -200 450 450 450 150 150 -350 150 150 -200 450 450 450 300 -50 300 300 -200 25 300 300 300 -50 300 300 600 600 600 600 600 600 600 600 
150 150 -200 150 150 150 -125 -350 150 150 -200 150 450 450 -50 450 450 450 450 450 150 150 -200 150 150 150 10000 -350 150 150 -200 150 450 450 -50 450 450 450 450 450 150 -200 150 -325 150 150 450 450 450 150 -200 150 -325 150 150 450 450 450 300 300 -50 300 300 300 25 -200 300 300 -50 300 600 600 100 600 600 600 600 600 
150 150 150 -200 150 150 -350 -125 150 150 150 -200 450 450 450 450 450 450 450 450 150 150 150 -200 150 150 -350 10000 150 150 150 -200 450 450 450 450 450 450 450 450 150 150 150 -350 150 150 450 450 450 150 150 150 -350 150 150 450 450 450 300 300 300 -50 300 300 -200 25 300 300 300 -50 600 600 600 600 600 600 600 600 
-50 450 450 450 -200 150 150 150 -125 -350 150 150 -200 150 150 150 -50 450 450 450 -50 450 450 450 -200 150 150 150 10000 -350 150 150 -200 150 150 150 -50 450 450 450 -50 450 -200 150 -325 -350 150 450 450 -50 450 -200 150 -325 -350 150 450 450 100 600 600 600 -50 300 300 300 25 -200 300 300 -50 300 300 300 100 600 600 600 
450 -50 450 450 150 -200 150 150 -350 -125 -350 150 150 -200 150 150 450 450 450 450 450 -50 450 450 150 -200 150 150 -350 10000 -350 150 150 -200 150 150 450 450 450 450 450 450 150 150 -350 -325 -200 450 450 450 450 150 150 -350 -325 -200 450 450 600 100 600 600 300 -50 300 300 -200 25 -200 300 300 -50 300 300 600 600 600 600 
450 450 450 450 150 150 -200 150 150 -350 -125 150 150 -350 -200 150 450 450 450 450 450 450 450 450 150 150 -200 150 150 -350 10000 150 150 -350 -200 150 450 450 450 450 450 450 150 -200 150 -350 -350 450 450 450 450 150 -200 150 -350 -350 450 450 600 600 600 600 300 300 -50 300 300 -200 25 300 300 -200 -50 300 600 600 600 600 
450 450 450 -50 150 150 150 -200 150 150 150 -125 150 150 150 -200 450 450 450 -50 450 450 450 -50 150 150 150 -200 150 150 150 10000 150 150 150 -200 450 450 450 -50 450 450 150 150 150 150 150 450 450 450 450 150 150 150 150 150 450 450 600 600 600 100 300 300 300 -50 300 300 300 25 300 300 300 -50 600 600 600 100 
450 450 450 450 -50 450 450 450 -200 150 150 150 -125 150 150 150 -200 150 150 150 450 450 450 450 -50 450 450 450 -200 150 150 150 10000 150 150 150 -200 150 150 150 450 450 -50 450 -200 150 150 150 150 450 450 -50 450 -200 150 150 150 150 600 600 600 600 100 600 600 600 -50 300 300 300 25 300 300 300 -50 300 300 300 
450 450 450 450 450 450 450 450 150 -200 -350 150 150 -125 -350 150 150 -200 150 150 450 450 450 450 450 450 450 450 150 -200 -350 150 150 10000 -350 150 150 -200 150 150 450 450 450 450 150 -200 -325 -200 150 450 450 450 450 150 -200 -325 -200 150 600 600 600 600 600 600 600 600 300 -50 -200 300 300 25 -200 300 300 -50 300 300 
450 450 450 450 450 450 -50 450 150 150 -200 150 150 -350 -125 150 150 150 -200 150 450 450 450 450 450 450 -50 450 150 150 -200 150 150 -350 10000 150 150 150 -200 150 450 450 450 -50 150 150 -350 150 -200 450 450 450 -50 150 150 -350 150 -200 600 600 600 600 600 600 100 600 300 300 -50 300 300 -200 25 300 300 300 -50 300 
450 450 450 450 450 450 450 450 150 150 150 -200 150 150 150 -125 150 150 150 -200 450 450 450 450 450 450 450 450 150 150 150 -200 150 150 150 10000 150 150 150 -200 450 450 450 450 150 150 150 150 150 450 450 450 450 150 150 150 150 150 600 600 600 600 600 600 600 600 300 300 300 -50 300 300 300 25 300 300 300 -50 
450 450 450 450 450 450 450 450 -50 450 450 450 -200 150 150 150 -125 150 150 150 450 450 450 450 450 450 450 450 -50 450 450 450 -200 150 150 150 10000 150 150 150 450 450 450 450 -50 450 150 150 150 450 450 450 450 -50 450 150 150 150 600 600 600 600 600 600 600 600 100 600 600 600 -50 300 300 300 25 300 300 300 
450 450 450 450 450 450 450 450 450 450 450 450 150 -200 150 150 150 -125 -350 150 450 450 450 450 450 450 450 450 450 450 450 450 150 -200 150 150 150 10000 -350 150 450 450 450 450 450 450 -200 -325 -350 450 450 450 450 450 450 -200 -325 -350 600 600 600 600 600 600 600 600 600 600 600 600 300 -50 300 300 300 25 -200 300 
450 450 450 450 450 450 450 450 450 450 450 450 150 150 -200 150 150 -350 -125 -350 450 450 450 450 450 450 450 450 450 450 450 450 150 150 -200 150 150 -350 10000 -350 450 450 450 450 450 450 150 -350 -325 450 450 450 450 450 450 150 -350 -325 600 600 600 600 600 600 600 600 600 600 600 600 300 300 -50 300 300 -200 25 -200 
450 450 450 450 450 450 450 450 450 450 450 -50 150 150 150 -200 150 150 -350 -125 450 450 450 450 450 450 450 450 450 450 450 -50 150 150 150 -200 150 150 -350 10000 450 450 450 450 450 450 150 150 -350 450 450 450 450 450 450 150 150 -350 600 600 600 600 600 600 600 600 600 600 600 100 300 300 300 -50 300 300 -200 25 
-325 -350 150 150 -200 150 150 150 -50 450 450 450 450 450 450 450 450 450 450 450 -325 -350 150 150 -200 150 150 150 -50 450 450 450 450 450 450 450 450 450 450 450 10000 150 -200 150 -50 450 450 450 450 -125 150 -200 150 -50 450 450 450 450 -175 -200 300 300 -50 300 300 300 100 600 600 600 600 600 600 600 600 600 600 600 
150 150 -325 -350 150 150 -200 150 450 450 450 450 450 450 450 450 450 450 450 450 150 150 -325 -350 150 150 -200 150 450 450 450 450 450 450 450 450 450 450 450 450 150 10000 150 -200 450 450 450 450 450 150 -125 150 -200 450 450 450 450 450 300 300 -175 -200 300 300 -50 300 600 600 600 600 600 600 600 600 600 600 600 600 
-200 150 150 150 -325 -350 150 150 -200 150 150 150 -50 450 450 450 450 450 450 450 -200 150 150 150 -325 -350 150 150 -200 150 150 150 -50 450 450 450 450 450 450 450 -200 150 10000 150 -200 150 450 450 450 -200 150 -125 150 -200 150 450 450 450 -50 300 300 300 -175 -200 300 300 -50 300 300 300 100 600 600 600 600 600 600 600 
150 150 -200 150 150 150 -325 -350 150 150 -200 150 450 450 -50 450 450 450 450 450 150 150 -200 150 150 150 -325 -350 150 150 -200 150 450 450 -50 450 450 450 450 450 150 -200 150 10000 150 150 450 450 450 150 -200 150 -125 150 150 450 450 450 300 300 -50 300 300 300 -175 -200 300 300 -50 300 600 600 100 600 600 600 600 600 
-50 450 450 450 -200 150 150 150 -325 -350 150 150 -200 150 150 150 -50 450 450 450 -50 450 450 450 -200 150 150 150 -325 -350 150 150 -200 150 150 150 -50 450 450 450 -50 450 -200 150 10000 -350 150 450 450 -50 450 -200 150 -125 -350 150 450 450 100 600 600 600 -50 300 300 300 -175 -200 300 300 -50 300 300 300 100 600 600 600 
450 -50 450 450 150 -200 150 150 -350 -325 -350 150 150 -200 150 150 450 450 450 450 450 -50 450 450 150 -200 150 150 -350 -325 -350 150 150 -200 150 150 450 450 450 450 450 450 150 150 -350 10000 -200 450 450 450 450 150 150 -350 -125 -200 450 450 600 100 600 600 300 -50 300 300 -200 -175 -200 300 300 -50 300 300 600 600 600 600 
450 450 450 450 450 450 450 450 150 -200 -350 150 150 -325 -350 150 150 -200 150 150 450 450 450 450 450 450 450 450 150 -200 -350 150 150 -325 -350 150 150 -200 150 150 450 450 450 450 150 -200 10000 -200 150 450 450 450 450 150 -200 -125 -200 150 600 600 600 600 600 600 600 600 300 -50 -200 300 300 -175 -200 300 300 -50 300 300 
450 450 450 450 450 450 450 450 450 450 450 450 150 -200 150 150 150 -325 -350 150 450 450 450 450 450 450 450 450 450 450 450 450 150 -200 150 150 150 -325 -350 150 450 450 450 450 450 450 -200 10000 -350 450 450 450 450 450 450 -200 -125 -350 600 600 600 600 600 600 600 600 600 600 600 600 300 -50 300 300 300 -175 -200 300 
450 450 450 450 450 450 450 450 450 450 450 450 150 150 -200 150 150 -350 -325 -350 450 450 450 450 450 450 450 450 450 450 450 450 150 150 -200 150 150 -350 -325 -350 450 450 450 450 450 450 150 -350 10000 450 450 450 450 450 450 150 -350 -125 600 600 600 600 600 600 600 600 600 600 600 600 300 300 -50 300 300 -200 -175 -200 
-325 -350 150 150 -200 150 150 150 -50 450 450 450 450 450 450 450 450 450 450 450 -325 -350 150 150 -200 150 150 150 -50 450 450 450 450 450 450 450 450 450 450 450 -125 150 -200 150 -50 450 450 450 450 10000 150 -200 150 -50 450 450 450 450 -175 -200 300 300 -50 300 300 300 100 600 600 600 600 600 600 600 600 600 600 600 
150 150 -325 -350 150 150 -200 150 450 450 450 450 450 450 450 450 450 450 450 450 150 150 -325 -350 150 150 -200 150 450 450 450 450 450 450 450 450 450 450 450 450 150 -125 150 -200 450 450 450 450 450 150 10000 150 -200 450 450 450 450 450 300 300 -175 -200 300 300 -50 300 600 600 600 600 600 600 600 600 600 600 600 600 
-200 150 150 150 -325 -350 150 150 -200 150 150 150 -50 450 450 450 450 450 450 450 -200 150 150 150 -325 -350 150 150 -200 150 150 150 -50 450 450 450 450 450 450 450 -200 150 -125 150 -200 150 450 450 450 -200 150 10000 150 -200 150 450 450 450 -50 300 300 300 -175 -200 300 300 -50 300 300 300 100 600 600 600 600 600 600 600 
150 150 -200 150 150 150 -325 -350 150 150 -200 150 450 450 -50 450 450 450 450 450 150 150 -200 150 150 150 -325 -350 150 150 -200 150 450 450 -50 450 450 450 450 450 150 -200 150 -125 150 150 450 450 450 150 -200 150 10000 150 150 450 450 450 300 300 -50 300 300 300 -175 -200 300 300 -50 300 600 600 100 600 600 600 600 600 
-50 450 450 450 -200 150 150 150 -325 -350 150 150 -200 150 150 150 -50 450 450 450 -50 450 450 450 -200 150 150 150 -325 -350 150 150 -200 150 150 150 -50 450 450 450 -50 450 -200 150 -125 -350 150 450 450 -50 450 -200 150 10000 -350 150 450 450 100 600 600 600 -50 300 300 300 -175 -200 300 300 -50 300 300 300 100 600 600 600 
450 -50 450 450 150 -200 150 150 -350 -325 -350 150 150 -200 150 150 450 450 450 450 450 -50 450 450 150 -200 150 150 -350 -325 -350 150 150 -200 150 150 450 450 450 450 450 450 150 150 -350 -125 -200 450 450 450 450 150 150 -350 10000 -200 450 450 600 100 600 600 300 -50 300 300 -200 -175 -200 300 300 -50 300 300 600 600 600 600 
450 450 450 450 450 450 450 450 150 -200 -350 150 150 -325 -350 150 150 -200 150 150 450 450 450 450 450 450 450 450 150 -200 -350 150 150 -325 -350 150 150 -200 150 150 450 450 450 450 150 -200 -125 -200 150 450 450 450 450 150 -200 10000 -200 150 600 600 600 600 600 600 600 600 300 -50 -200 300 300 -175 -200 300 300 -50 300 300 
450 450 450 450 450 450 450 450 450 450 450 450 150 -200 150 150 150 -325 -350 150 450 450 450 450 450 450 450 450 450 450 450 450 150 -200 150 150 150 -325 -350 150 450 450 450 450 450 450 -200 -125 -350 450 450 450 450 450 450 -200 10000 -350 600 600 600 600 600 600 600 600 600 600 600 600 300 -50 300 300 300 -175 -200 300 
450 450 450 450 450 450 450 450 450 450 450 450 150 150 -200 150 150 -350 -325 -350 450 450 450 450 450 450 450 450 450 450 450 450 150 150 -200 150 150 -350 -325 -350 450 450 450 450 450 450 150 -350 -125 450 450 450 450 450 450 150 -350 10000 600 600 600 600 600 600 600 600 600 600 600 600 300 300 -50 300 300 -200 -175 -200 
25 -200 300 300 -50 300 300 300 100 600 600 600 600 600 600 600 600 600 600 600 25 -200 300 300 -50 300 300 300 100 600 600 600 600 600 600 600 600 600 600 600 -175 300 -50 300 100 600 600 600 600 -175 300 -50 300 100 600 600 600 600 10000 -500 0 0 -350 0 0 0 -200 300 300 300 300 300 300 300 300 300 300 300 
-200 25 300 300 300 -50 300 300 600 100 600 600 600 600 600 600 600 600 600 600 -200 25 300 300 300 -50 300 300 600 100 600 600 600 600 600 600 600 600 600 600 -200 300 300 300 600 100 600 600 600 -200 300 300 300 600 100 600 600 600 -500 10000 0 0 0 -350 0 0 300 -200 300 300 300 300 300 300 300 300 300 300 
300 300 25 -200 300 300 -50 300 600 600 600 600 600 600 600 600 600 600 600 600 300 300 25 -200 300 300 -50 300 600 600 600 600 600 600 600 600 600 600 600 600 300 -175 300 -50 600 600 600 600 600 300 -175 300 -50 600 600 600 600 600 0 0 10000 -500 0 0 -350 0 300 300 300 300 300 300 300 300 300 300 300 300 
300 300 -200 25 300 300 300 -50 600 600 600 100 600 600 600 600 600 600 600 600 300 300 -200 25 300 300 300 -50 600 600 600 100 600 600 600 600 600 600 600 600 300 -200 300 300 600 600 600 600 600 300 -200 300 300 600 600 600 600 600 0 0 -500 10000 0 0 0 -350 300 300 300 -200 300 300 300 300 300 300 300 300 
-50 300 300 300 25 -200 300 300 -50 300 300 300 100 600 600 600 600 600 600 600 -50 300 300 300 25 -200 300 300 -50 300 300 300 100 600 600 600 600 600 600 600 -50 300 -175 300 -50 300 600 600 600 -50 300 -175 300 -50 300 600 600 600 -350 0 0 0 10000 -500 0 0 -350 0 0 0 -200 300 300 300 300 300 300 300 
300 -50 300 300 -200 25 300 300 300 -50 300 300 600 600 600 600 600 600 600 600 300 -50 300 300 -200 25 300 300 300 -50 300 300 600 600 600 600 600 600 600 600 300 300 -200 300 300 -50 600 600 600 300 300 -200 300 300 -50 600 600 600 0 -350 0 0 -500 10000 0 0 0 -350 0 0 300 300 300 300 300 300 300 300 
300 300 -50 300 300 300 25 -200 300 300 -50 300 600 600 100 600 600 600 600 600 300 300 -50 300 300 300 25 -200 300 300 -50 300 600 600 100 600 600 600 600 600 300 -50 300 -175 300 300 600 600 600 300 -50 300 -175 300 300 600 600 600 0 0 -350 0 0 0 10000 -500 0 0 -350 0 300 300 -200 300 300 300 300 300 
300 300 300 -50 300 300 -200 25 300 300 300 -50 600 600 600 600 600 600 600 600 300 300 300 -50 300 300 -200 25 300 300 300 -50 600 600 600 600 600 600 600 600 300 300 300 -200 300 300 600 600 600 300 300 300 -200 300 300 600 600 600 0 0 0 -350 0 0 -500 10000 0 0 0 -350 300 300 300 300 300 300 300 300 
100 600 600 600 -50 300 300 300 25 -200 300 300 -50 300 300 300 100 600 600 600 100 600 600 600 -50 300 300 300 25 -200 300 300 -50 300 300 300 100 600 600 600 100 600 -50 300 -175 -200 300 600 600 100 600 -50 300 -175 -200 300 600 600 -200 300 300 300 -350 0 0 0 10000 -500 0 0 -350 0 0 0 -200 300 300 300 
600 100 600 600 300 -50 300 300 -200 25 -200 300 300 -50 300 300 600 600 600 600 600 100 600 600 300 -50 300 300 -200 25 -200 300 300 -50 300 300 600 600 600 600 600 600 300 300 -200 -175 -50 600 600 600 600 300 300 -200 -175 -50 600 600 300 -200 300 300 0 -350 0 0 -500 10000 -500 0 0 -350 0 0 300 300 300 300 
600 600 600 600 300 300 -50 300 300 -200 25 300 300 -200 -50 300 600 600 600 600 600 600 600 600 300 300 -50 300 300 -200 25 300 300 -200 -50 300 600 600 600 600 600 600 300 -50 300 -200 -200 600 600 600 600 300 -50 300 -200 -200 600 600 300 300 300 300 0 0 -350 0 0 -500 10000 0 0 -500 -350 0 300 300 300 300 
600 600 600 100 300 300 300 -50 300 300 300 25 300 300 300 -50 600 600 600 100 600 600 600 100 300 300 300 -50 300 300 300 25 300 300 300 -50 600 600 600 100 600 600 300 300 300 300 300 600 600 600 600 300 300 300 300 300 600 600 300 300 300 -200 0 0 0 -350 0 0 0 10000 0 0 0 -350 300 300 300 -200 
600 600 600 600 100 600 600 600 -50 300 300 300 25 300 300 300 -50 300 300 300 600 600 600 600 100 600 600 600 -50 300 300 300 25 300 300 300 -50 300 300 300 600 600 100 600 -50 300 300 300 300 600 600 100 600 -50 300 300 300 300 300 300 300 300 -200 300 300 300 -350 0 0 0 10000 0 0 0 -350 0 0 0 
600 600 600 600 600 600 600 600 300 -50 -200 300 300 25 -200 300 300 -50 300 300 600 600 600 600 600 600 600 600 300 -50 -200 300 300 25 -200 300 300 -50 300 300 600 600 600 600 300 -50 -175 -50 300 600 600 600 600 300 -50 -175 -50 300 300 300 300 300 300 300 300 300 0 -350 -500 0 0 10000 -500 0 0 -350 0 0 
600 600 600 600 600 600 100 600 300 300 -50 300 300 -200 25 300 300 300 -50 300 600 600 600 600 600 600 100 600 300 300 -50 300 300 -200 25 300 300 300 -50 300 600 600 600 100 300 300 -200 300 -50 600 600 600 100 300 300 -200 300 -50 300 300 300 300 300 300 -200 300 0 0 -350 0 0 -500 10000 0 0 0 -350 0 
600 600 600 600 600 600 600 600 300 300 300 -50 300 300 300 25 300 300 300 -50 600 600 600 600 600 600 600 600 300 300 300 -50 300 300 300 25 300 300 300 -50 600 600 600 600 300 300 300 300 300 600 600 600 600 300 300 300 300 300 300 300 300 300 300 300 300 300 0 0 0 -350 0 0 0 10000 0 0 0 -350 
600 600 600 600 600 600 600 600 100 600 600 600 -50 300 300 300 25 300 300 300 600 600 600 600 600 600 600 600 100 600 600 600 -50 300 300 300 25 300 300 300 600 600 600 600 100 600 300 300 300 600 600 600 600 100 600 300 300 300 300 300 300 300 300 300 300 300 -200 300 300 300 -350 0 0 0 10000 0 0 0 
600 600 600 600 600 600 600 600 600 600 600 600 300 -50 300 300 300 25 -200 300 600 600 600 600 600 600 600 600 600 600 600 600 300 -50 300 300 300 25 -200 300 600 600 600 600 600 600 -50 -175 -200 600 600 600 600 600 600 -50 -175 -200 300 300 300 300 300 300 300 300 300 300 300 300 0 -350 0 0 0 10000 -500 0 
600 600 600 600 600 600 600 600 600 600 600 600 300 300 -50 300 300 -200 25 -200 600 600 600 600 600 600 600 600 600 600 600 600 300 300 -50 300 300 -200 25 -200 600 600 600 600 600 600 300 -200 -175 600 600 600 600 600 600 300 -200 -175 300 300 300 300 300 300 300 300 300 300 300 300 0 0 -350 0 0 -500 10000 -500 
600 600 600 600 600 600 600 600 600 600 600 100 300 300 300 -50 300 300 -200 25 600 600 600 600 600 600 600 600 600 600 600 100 300 300 300 -50 300 300 -200 25 600 600 600 600 600 600 300 300 -200 600 600 600 600 600 600 300 300 -200 300 300 300 300 300 300 300 300 300 300 300 -200 0 0 0 -350 0 0 -500 10000 
