0 1
0 3
0 6
0 16
0 27
0 31
0 38
0 42
0 49
0 54
0 62
0 66
0 71
0 75
0 76
0 88
0 91
0 93
0 100
0 101
0 102
0 138
0 141
0 142
0 149
0 150
0 151
0 159
0 160
0 168
0 169
0 171
0 176
0 180
0 183
0 184
1 0
1 3
1 4
1 6
1 18
1 21
1 27
1 28
1 36
1 38
1 39
1 40
1 49
1 50
1 51
1 54
1 149
1 151
1 154
1 155
1 157
1 159
1 160
1 166
1 168
1 169
1 171
1 173
1 174
1 175
1 176
1 183
1 184
1 186
1 189
3 4
3 6
3 18
3 21
3 31
3 35
3 40
3 42
3 50
3 51
3 62
3 64
3 69
3 71
3 76
3 77
3 88
3 91
3 98
3 99
3 130
3 131
3 137
3 138
3 141
3 144
3 149
3 150
3 154
3 155
3 157
3 166
3 171
3 173
3 175
3 176
3 180
3 186
4 0
4 1
4 6
4 9
4 11
4 21
4 30
4 31
4 36
4 38
4 39
4 44
4 47
4 49
4 50
4 60
4 62
4 68
4 69
4 75
4 76
4 86
4 88
4 95
4 98
4 102
4 130
4 138
4 141
4 145
4 148
4 154
4 155
4 168
4 169
4 175
4 176
4 183
4 184
4 186
6 0
6 4
6 9
6 16
6 18
6 21
6 30
6 36
6 38
6 40
6 42
6 44
6 50
6 55
6 60
6 64
6 65
6 66
6 71
6 75
6 76
6 79
6 84
6 86
6 93
6 94
6 95
6 98
6 100
6 101
6 102
6 130
6 134
6 137
6 138
6 141
6 143
6 144
6 145
6 148
6 150
6 151
6 154
6 155
6 159
6 160
6 166
6 169
6 173
6 174
6 175
6 176
6 183
6 184
6 186
6 189
9 0
9 1
9 3
9 4
9 11
9 16
9 18
9 21
9 28
9 30
9 31
9 35
9 38
9 39
9 40
9 47
9 49
9 51
9 54
9 55
9 64
9 68
9 69
9 73
9 74
9 75
9 79
9 88
9 91
9 94
9 95
9 98
9 101
9 131
9 134
9 141
9 142
9 143
9 148
9 151
9 154
9 157
9 160
9 166
9 168
9 173
9 174
9 175
9 176
9 183
9 184
9 186
9 189
11 0
11 1
11 3
11 4
11 9
11 16
11 18
11 21
11 28
11 30
11 31
11 35
11 38
11 39
11 40
11 42
11 47
11 49
11 50
11 51
11 55
11 60
11 62
11 64
11 66
11 68
11 69
11 71
11 74
11 75
11 76
11 77
11 84
11 86
11 88
11 93
11 94
11 95
11 100
11 130
11 131
11 137
11 138
11 141
11 144
11 149
11 150
11 154
11 155
11 157
11 166
11 171
11 174
11 176
11 180
11 183
11 189
16 1
16 3
16 6
16 9
16 11
16 28
16 30
16 38
16 39
16 47
16 49
16 55
16 60
16 66
16 68
16 74
16 75
16 84
16 86
16 94
16 95
16 101
16 102
16 137
16 138
16 144
16 148
16 151
16 154
16 157
16 159
16 160
16 169
16 174
16 175
16 180
16 183
16 184
16 192
18 3
18 4
18 9
18 11
18 16
18 28
18 35
18 36
18 39
18 40
18 42
18 49
18 54
18 55
18 62
18 64
18 65
18 71
18 73
18 77
18 79
18 91
18 93
18 99
18 100
18 131
18 134
18 142
18 143
18 149
18 150
18 157
18 159
18 169
18 171
18 176
18 183
18 192
21 0
21 4
21 11
21 16
21 27
21 28
21 30
21 36
21 40
21 42
21 47
21 49
21 50
21 55
21 64
21 65
21 68
21 69
21 71
21 75
21 79
21 84
21 88
21 91
21 93
21 98
21 100
21 101
21 102
21 134
21 137
21 142
21 144
21 145
21 148
21 154
21 155
21 160
21 168
21 169
21 171
21 175
21 176
21 186
21 192
27 0
27 1
27 6
27 9
27 18
27 28
27 30
27 31
27 38
27 39
27 44
27 49
27 50
27 51
27 60
27 65
27 69
27 74
27 77
27 86
27 93
27 98
27 101
27 131
27 138
27 143
27 148
27 151
27 157
27 166
27 171
27 175
27 183
27 184
28 0
28 3
28 4
28 6
28 16
28 18
28 30
28 35
28 36
28 38
28 42
28 44
28 50
28 54
28 55
28 60
28 65
28 66
28 71
28 74
28 75
28 76
28 84
28 86
28 93
28 95
28 98
28 99
28 102
28 130
28 134
28 137
28 141
28 142
28 144
28 145
28 149
28 150
28 154
28 155
28 160
28 166
28 169
28 171
28 174
28 175
28 180
28 183
28 186
28 189
30 0
30 1
30 4
30 6
30 11
30 16
30 21
30 27
30 31
30 35
30 38
30 39
30 42
30 44
30 49
30 50
30 55
30 62
30 64
30 65
30 69
30 71
30 75
30 77
30 79
30 84
30 91
30 93
30 98
30 100
30 101
30 102
30 134
30 137
30 142
30 144
30 145
30 148
30 151
30 154
30 160
30 168
30 169
30 171
30 175
30 176
30 184
31 0
31 4
31 11
31 21
31 30
31 38
31 42
31 49
31 54
31 62
31 66
31 71
31 75
31 79
31 88
31 94
31 99
31 102
31 131
31 134
31 137
31 142
31 143
31 148
31 150
31 151
31 154
31 159
31 166
31 171
31 174
31 175
31 176
31 184
31 186
35 0
35 3
35 4
35 6
35 16
35 18
35 28
35 31
35 36
35 38
35 42
35 44
35 50
35 55
35 64
35 68
35 73
35 76
35 84
35 91
35 95
35 100
35 130
35 138
35 143
35 148
35 151
35 157
35 166
35 171
35 175
35 180
35 183
35 184
35 192
36 0
36 4
36 9
36 11
36 16
36 27
36 28
36 35
36 39
36 40
36 42
36 49
36 50
36 55
36 62
36 64
36 65
36 69
36 71
36 75
36 77
36 79
36 84
36 91
36 93
36 95
36 98
36 100
36 101
36 130
36 131
36 137
36 138
36 142
36 143
36 145
36 148
36 150
36 151
36 155
36 157
36 160
36 166
36 169
36 171
36 174
36 175
36 180
36 183
36 186
36 189
38 0
38 1
38 4
38 6
38 11
38 16
38 21
38 27
38 30
38 31
38 39
38 42
38 44
38 47
38 51
38 54
38 62
38 65
38 66
38 68
38 73
38 74
38 77
38 84
38 86
38 88
38 94
38 95
38 100
38 102
38 130
38 131
38 141
38 142
38 145
38 149
38 150
38 151
38 157
38 166
38 171
38 175
38 183
38 189
39 1
39 6
39 16
39 27
39 31
39 38
39 44
39 50
39 55
39 64
39 68
39 73
39 76
39 77
39 86
39 91
39 93
39 94
39 99
39 100
39 130
39 134
39 137
39 138
39 143
39 144
39 149
39 151
39 154
39 155
39 160
39 166
39 173
39 175
39 176
39 180
39 186
39 189
40 1
40 4
40 6
40 11
40 16
40 21
40 27
40 30
40 31
40 36
40 38
40 42
40 44
40 49
40 50
40 54
40 55
40 62
40 64
40 66
40 68
40 71
40 73
40 75
40 76
40 79
40 84
40 88
40 91
40 94
40 95
40 99
40 100
40 102
40 130
40 134
40 137
40 141
40 142
40 143
40 148
40 149
40 154
40 157
40 159
40 160
40 171
40 173
40 176
40 183
40 184
40 186
42 0
42 1
42 6
42 11
42 16
42 18
42 28
42 30
42 36
42 39
42 40
42 44
42 50
42 54
42 55
42 62
42 64
42 66
42 68
42 71
42 73
42 75
42 76
42 79
42 84
42 88
42 91
42 94
42 95
42 99
42 100
42 102
42 130
42 134
42 137
42 142
42 143
42 145
42 148
42 150
42 151
42 155
42 157
42 160
42 166
42 169
42 173
42 175
42 176
42 180
42 186
42 192
44 0
44 1
44 6
44 9
44 18
44 27
44 28
44 30
44 36
44 38
44 42
44 49
44 50
44 51
44 60
44 62
44 66
44 69
44 71
44 73
44 76
44 77
44 86
44 93
44 98
44 101
44 131
44 138
44 143
44 148
44 151
44 157
44 166
44 171
44 176
44 184
44 192
47 3
47 9
47 18
47 28
47 31
47 35
47 36
47 40
47 42
47 50
47 54
47 55
47 60
47 65
47 66
47 71
47 74
47 75
47 76
47 84
47 86
47 93
47 95
47 98
47 99
47 102
47 130
47 137
47 141
47 142
47 144
47 148
47 149
47 151
47 154
47 157
47 159
47 166
47 168
47 171
47 173
47 175
47 180
47 184
47 186
47 192
49 0
49 3
49 4
49 9
49 11
49 18
49 21
49 28
49 30
49 35
49 36
49 39
49 40
49 44
49 47
49 51
49 54
49 60
49 62
49 65
49 66
49 71
49 73
49 76
49 79
49 84
49 86
49 93
49 94
49 99
49 101
49 102
49 130
49 137
49 138
49 143
49 148
49 149
49 150
49 155
49 157
49 166
49 169
49 171
49 173
49 176
49 184
49 192
50 3
50 9
50 18
50 28
50 35
50 39
50 44
50 51
50 60
50 65
50 69
50 74
50 77
50 86
50 93
50 98
50 99
50 102
50 131
50 134
50 137
50 142
50 143
50 148
50 150
50 151
50 154
50 159
50 160
50 169
50 173
50 174
50 175
50 183
50 184
50 192
51 1
51 3
51 4
51 11
51 21
51 30
51 36
51 40
51 47
51 54
51 62
51 66
51 71
51 75
51 79
51 88
51 94
51 99
51 102
51 134
51 141
51 144
51 145
51 150
51 154
51 155
51 157
51 166
51 168
51 173
51 175
51 176
51 183
51 189
51 192
54 3
54 6
54 9
54 11
54 21
54 27
54 31
54 36
54 38
54 39
54 42
54 44
54 49
54 50
54 55
54 60
54 64
54 65
54 68
54 69
54 73
54 74
54 76
54 77
54 84
54 86
54 91
54 93
54 95
54 98
54 100
54 101
54 130
54 131
54 137
54 138
54 142
54 143
54 145
54 148
54 151
54 154
54 157
54 159
54 166
54 168
54 173
54 174
54 180
54 186
54 189
54 192
55 3
55 4
55 11
55 18
55 21
55 27
55 31
55 35
55 39
55 42
55 44
55 47
55 51
55 54
55 64
55 68
55 73
55 76
55 84
55 91
55 95
55 100
55 130
55 137
55 142
55 145
55 150
55 157
55 166
55 171
55 175
55 183
55 192
60 1
60 3
60 4
60 11
60 16
60 27
60 30
60 31
60 35
60 39
60 40
60 47
60 50
60 51
60 54
60 64
60 65
60 69
60 73
60 74
60 75
60 79
60 86
60 88
60 93
60 94
60 98
60 99
60 101
60 102
60 131
60 134
60 138
60 141
60 143
60 144
60 148
60 149
60 151
60 154
60 157
60 159
60 166
60 168
60 171
60 173
60 175
60 176
60 183
60 184
60 192
62 0
62 3
62 4
62 9
62 11
62 18
62 21
62 27
62 31
62 36
62 38
62 39
62 44
62 47
62 51
62 55
62 60
62 64
62 68
62 69
62 74
62 76
62 77
62 79
62 88
62 91
62 95
62 99
62 100
62 102
62 130
62 134
62 137
62 141
62 142
62 144
62 145
62 149
62 150
62 154
62 155
62 159
62 160
62 168
62 169
62 173
62 174
62 176
62 180
62 184
62 186
62 192
64 0
64 3
64 4
64 9
64 11
64 18
64 21
64 28
64 30
64 35
64 36
64 39
64 40
64 42
64 49
64 50
64 55
64 62
64 65
64 66
64 71
64 73
64 76
64 79
64 84
64 86
64 93
64 94
64 99
64 101
64 102
64 130
64 137
64 142
64 145
64 150
64 155
64 166
64 171
64 175
64 183
64 189
65 1
65 6
65 16
65 27
65 31
65 38
65 42
65 49
65 54
65 55
65 64
65 68
65 69
65 71
65 75
65 76
65 84
65 88
65 91
65 93
65 98
65 99
65 102
65 131
65 134
65 137
65 142
65 143
65 145
65 148
65 150
65 151
65 155
65 157
65 160
65 166
65 169
65 171
65 174
65 175
65 180
65 183
65 186
65 189
66 0
66 1
66 4
66 6
66 11
66 16
66 21
66 27
66 30
66 31
66 36
66 38
66 40
66 42
66 47
66 49
66 51
66 54
66 60
66 62
66 68
66 71
66 73
66 74
66 77
66 79
66 88
66 93
66 94
66 95
66 100
66 101
66 131
66 137
66 138
66 141
66 144
66 145
66 150
66 155
66 160
66 169
66 174
66 180
66 186
68 0
68 4
68 11
68 21
68 30
68 36
68 40
68 47
68 51
68 60
68 65
68 71
68 74
68 75
68 76
68 84
68 86
68 93
68 95
68 98
68 99
68 102
68 130
68 138
68 142
68 143
68 144
68 149
68 150
68 155
68 160
68 169
68 174
68 180
68 186
69 0
69 4
69 11
69 21
69 30
69 36
69 40
69 47
69 51
69 60
69 65
69 71
69 75
69 77
69 79
69 84
69 91
69 93
69 98
69 100
69 101
69 102
69 134
69 137
69 142
69 144
69 145
69 148
69 151
69 154
69 157
69 159
69 166
69 168
69 171
69 173
69 175
69 176
69 183
69 184
69 189
69 192
71 1
71 3
71 6
71 9
71 16
71 18
71 27
71 28
71 31
71 35
71 38
71 39
71 42
71 44
71 49
71 50
71 54
71 55
71 62
71 64
71 66
71 68
71 73
71 74
71 77
71 84
71 86
71 88
71 94
71 95
71 100
71 102
71 130
71 131
71 141
71 142
71 145
71 149
71 150
71 151
71 157
71 166
71 171
71 175
71 183
71 189
73 1
73 6
73 16
73 27
73 31
73 38
73 42
73 49
73 54
73 62
73 66
73 71
73 76
73 77
73 86
73 91
73 93
73 94
73 99
73 100
73 130
73 134
73 137
73 138
73 143
73 144
73 149
73 151
73 154
73 157
73 159
73 166
73 168
73 173
73 174
73 176
73 180
73 184
73 186
73 192
74 0
74 3
74 4
74 9
74 11
74 18
74 21
74 28
74 30
74 35
74 36
74 39
74 40
74 44
74 47
74 50
74 51
74 55
74 60
74 64
74 65
74 68
74 69
74 73
74 75
74 76
74 84
74 86
74 93
74 95
74 98
74 99
74 102
74 130
74 138
74 142
74 143
74 144
74 149
74 151
74 154
74 157
74 159
74 166
74 168
74 171
74 173
74 175
74 176
74 183
74 184
74 189
74 192
75 1
75 3
75 6
75 9
75 16
75 18
75 27
75 28
75 31
75 35
75 38
75 39
75 42
75 44
75 49
75 50
75 54
75 55
75 62
75 64
75 66
75 68
75 69
75 74
75 77
75 79
75 84
75 91
75 93
75 98
75 100
75 101
75 102
75 134
75 137
75 143
75 148
75 151
75 157
75 166
75 173
75 176
75 184
75 192
76 3
76 9
76 18
76 28
76 35
76 39
76 44
76 50
76 55
76 64
76 66
76 68
76 69
76 74
76 75
76 84
76 88
76 91
76 93
76 98
76 99
76 102
76 131
76 134
76 137
76 141
76 142
76 144
76 145
76 149
76 150
76 154
76 155
76 159
76 160
76 168
76 169
76 173
76 174
76 176
76 180
76 184
76 186
76 192
77 0
77 3
77 4
77 9
77 11
77 18
77 21
77 28
77 30
77 35
77 36
77 39
77 40
77 44
77 47
77 50
77 51
77 60
77 62
77 66
77 69
77 71
77 73
77 76
77 79
77 88
77 93
77 94
77 95
77 100
77 130
77 137
77 142
77 145
77 150
77 155
77 160
77 169
77 175
77 183
77 189
79 1
79 6
79 16
79 27
79 31
79 38
79 42
79 44
79 50
79 54
79 55
79 60
79 65
79 66
79 71
79 74
79 75
79 76
79 86
79 93
79 98
79 101
79 131
79 138
79 144
79 149
79 154
79 159
79 168
79 173
79 180
79 186
84 0
84 4
84 11
84 21
84 30
84 31
84 38
84 40
84 42
84 44
84 50
84 51
84 60
84 64
84 65
84 66
84 69
84 71
84 74
84 75
84 77
84 79
84 88
84 91
84 94
84 95
84 99
84 100
84 102
84 130
84 134
84 137
84 141
84 142
84 144
84 145
84 149
84 150
84 154
84 155
84 159
84 160
84 168
84 169
84 173
84 174
84 176
84 183
84 186
84 189
86 0
86 1
86 6
86 9
86 18
86 27
86 28
86 30
86 36
86 38
86 42
86 49
86 54
86 62
86 66
86 71
86 75
86 79
86 91
86 95
86 100
86 130
86 137
86 142
86 145
86 151
86 157
86 166
86 171
86 174
86 175
86 176
86 184
86 186
88 0
88 3
88 4
88 6
88 16
88 21
88 27
88 30
88 31
88 36
88 38
88 40
88 42
88 47
88 49
88 51
88 54
88 60
88 62
88 65
88 66
88 69
88 71
88 74
88 75
88 77
88 79
88 86
88 91
88 94
88 95
88 99
88 100
88 102
88 130
88 134
88 137
88 141
88 142
88 144
88 145
88 148
88 154
88 157
88 159
88 160
88 169
88 171
88 175
88 180
88 183
88 189
88 192
91 1
91 3
91 6
91 9
91 16
91 18
91 27
91 28
91 31
91 35
91 38
91 39
91 42
91 44
91 49
91 50
91 54
91 55
91 62
91 64
91 66
91 68
91 71
91 73
91 75
91 76
91 79
91 84
91 88
91 93
91 95
91 98
91 100
91 101
91 102
91 134
91 137
91 142
91 144
91 145
91 148
91 151
91 159
91 168
91 173
91 176
91 184
91 192
93 3
93 9
93 18
93 28
93 35
93 39
93 44
93 50
93 55
93 64
93 68
93 73
93 74
93 77
93 84
93 86
93 88
93 95
93 98
93 100
93 101
93 130
93 131
93 137
93 138
93 142
93 143
93 145
93 148
93 150
93 151
93 155
93 157
93 160
93 166
93 169
93 171
93 174
93 175
93 180
93 183
93 186
93 192
94 1
94 3
94 6
94 9
94 16
94 18
94 27
94 28
94 31
94 35
94 38
94 39
94 44
94 49
94 50
94 51
94 60
94 62
94 66
94 71
94 75
94 79
94 88
94 95
94 100
94 130
94 137
94 142
94 145
94 150
94 155
94 166
94 171
94 175
94 183
94 189
95 1
95 4
95 6
95 9
95 18
95 21
95 30
95 36
95 40
95 47
95 51
95 60
95 65
95 69
95 74
95 77
95 86
95 93
95 99
95 102
95 134
95 141
95 144
95 149
95 154
95 157
95 159
95 160
95 169
95 171
95 174
95 175
95 180
95 183
95 186
95 189
98 0
98 1
98 4
98 6
98 11
98 16
98 21
98 27
98 30
98 31
98 36
98 38
98 40
98 42
98 47
98 49
98 51
98 54
98 60
98 62
98 65
98 66
98 69
98 71
98 74
98 75
98 77
98 79
98 86
98 88
98 94
98 99
98 100
98 101
98 131
98 138
98 143
98 148
98 151
98 157
98 166
98 171
98 175
98 183
98 189
99 1
99 6
99 16
99 27
99 31
99 38
99 42
99 49
99 50
99 55
99 62
99 64
99 66
99 68
99 71
99 73
99 75
99 76
99 79
99 84
99 88
99 91
99 94
99 95
99 101
99 102
99 131
99 134
99 138
99 141
99 143
99 144
99 148
99 149
99 151
99 154
99 157
99 159
99 166
99 168
99 171
99 173
99 175
99 176
99 183
99 184
99 189
99 192
100 0
100 4
100 9
100 11
100 18
100 21
100 28
100 30
100 35
100 36
100 39
100 40
100 44
100 47
100 50
100 51
100 55
100 60
100 64
100 65
100 68
100 69
100 73
100 74
100 76
100 77
100 84
100 86
100 91
100 93
100 95
100 98
100 102
100 130
100 134
100 137
100 141
100 142
100 143
100 148
100 151
100 157
100 166
100 171
100 175
100 183
100 189
101 1
101 6
101 16
101 27
101 31
101 38
101 42
101 49
101 54
101 62
101 66
101 69
101 71
101 73
101 75
101 76
101 79
101 84
101 88
101 91
101 94
101 95
101 99
101 100
101 130
101 131
101 137
101 138
101 142
101 143
101 145
101 148
101 150
101 151
101 155
101 157
101 160
101 166
101 169
101 171
101 174
101 175
101 180
101 183
101 186
101 189
102 0
102 1
102 4
102 6
102 16
102 27
102 31
102 38
102 42
102 49
102 54
102 62
102 66
102 71
102 75
102 79
102 88
102 94
102 99
102 130
102 137
102 142
102 145
102 150
102 155
102 160
102 169
102 174
102 180
102 186
130 0
130 6
130 16
130 27
130 31
130 38
130 42
130 49
130 54
130 62
130 65
130 69
130 74
130 75
130 76
130 84
130 88
130 94
130 99
130 100
130 101
130 134
130 138
130 143
130 148
130 149
130 150
130 155
130 159
130 168
130 173
130 174
130 175
130 183
130 186
131 0
131 4
131 6
131 9
131 18
131 27
131 31
131 39
131 40
131 42
131 49
131 51
131 60
131 65
131 66
131 69
131 74
131 76
131 84
131 91
131 93
131 94
131 99
131 101
131 134
131 141
131 142
131 143
131 148
131 150
131 155
131 160
131 166
131 168
131 173
131 175
131 183
131 189
131 192
134 0
134 4
134 9
134 18
134 28
134 30
134 31
134 39
134 42
134 49
134 54
134 55
134 60
134 65
134 68
134 74
134 77
134 79
134 84
134 91
134 94
134 99
134 102
134 130
134 131
134 141
134 143
134 148
134 151
134 154
134 155
134 160
134 168
134 174
134 180
134 183
134 184
134 192
137 1
137 6
137 16
137 18
137 21
137 30
137 35
137 39
137 44
137 47
137 49
137 54
137 60
137 65
137 69
137 71
137 73
137 77
137 84
137 91
137 95
137 98
137 99
137 102
137 131
137 141
137 144
137 145
137 148
137 151
137 155
137 160
137 169
137 171
137 173
137 176
137 183
137 189
138 1
138 3
138 4
138 16
138 21
138 30
138 36
138 38
138 39
138 47
138 50
138 55
138 64
138 65
138 66
138 71
138 74
138 79
138 88
138 91
138 93
138 98
138 100
138 130
138 137
138 141
138 142
138 145
138 149
138 154
138 159
138 160
138 166
138 171
138 174
138 180
138 186
138 189
138 192
141 3
141 6
141 16
141 27
141 28
141 30
141 36
141 39
141 44
141 50
141 51
141 54
141 62
141 65
141 69
141 74
141 75
141 76
141 84
141 88
141 94
141 99
141 100
141 101
141 131
141 137
141 143
141 148
141 149
141 150
141 155
141 159
141 168
141 173
141 174
141 175
141 183
141 186
142 0
142 4
142 6
142 9
142 18
142 27
142 31
142 38
142 39
142 40
142 47
142 50
142 55
142 64
142 65
142 66
142 71
142 74
142 77
142 88
142 91
142 93
142 98
142 100
142 130
142 137
142 138
142 141
142 145
142 149
142 154
142 159
142 160
142 166
142 171
142 174
142 180
142 186
142 189
142 192
143 3
143 6
143 16
143 27
143 28
143 30
143 36
143 39
143 44
143 51
143 54
143 55
143 64
143 66
143 71
143 75
143 76
143 77
143 86
143 91
143 95
143 100
143 101
143 102
143 134
143 138
143 144
143 149
143 150
143 151
143 157
143 160
143 169
143 174
143 175
143 176
143 184
143 189
144 1
144 6
144 9
144 11
144 21
144 28
144 35
144 39
144 40
144 42
144 49
144 51
144 60
144 65
144 66
144 68
144 73
144 75
144 79
144 88
144 91
144 93
144 98
144 100
144 130
144 137
144 138
144 141
144 145
144 149
144 154
144 159
144 160
144 166
144 171
144 174
144 180
144 186
144 189
144 192
145 3
145 6
145 18
145 28
145 30
145 31
145 38
145 40
145 47
145 54
145 55
145 60
145 65
145 68
145 73
145 76
145 77
145 79
145 88
145 93
145 98
145 101
145 102
145 130
145 137
145 141
145 144
145 150
145 151
145 154
145 159
145 166
145 171
145 175
145 176
145 180
145 186
145 192
148 3
148 9
148 11
148 16
148 27
148 30
148 36
148 40
148 42
148 44
148 50
148 54
148 62
148 66
148 68
148 69
148 74
148 76
148 84
148 91
148 93
148 94
148 99
148 101
148 131
148 138
148 141
148 142
148 145
148 150
148 155
148 160
148 166
148 168
148 173
148 175
148 183
148 189
148 192
149 0
149 4
149 9
149 18
149 28
149 30
149 31
149 38
149 40
149 47
149 51
149 54
149 55
149 64
149 66
149 71
149 75
149 76
149 77
149 88
149 93
149 98
149 101
149 102
149 130
149 137
149 141
149 144
149 150
149 151
149 154
149 159
149 166
149 173
149 176
149 180
149 183
149 192
150 1
150 6
150 16
150 18
150 27
150 31
150 36
150 40
150 47
150 49
150 50
150 60
150 64
150 68
150 73
150 74
150 75
150 79
150 86
150 93
150 98
150 99
150 101
150 131
150 134
150 137
150 138
150 141
150 142
150 143
150 144
150 145
150 148
150 149
150 151
150 154
150 155
150 157
150 159
150 160
150 166
150 168
150 169
150 171
150 173
150 174
150 175
150 176
150 180
150 183
150 184
150 186
150 189
150 192
151 0
151 1
151 3
151 4
151 6
151 9
151 11
151 16
151 18
151 21
151 27
151 28
151 30
151 31
151 40
151 44
151 49
151 62
151 65
151 68
151 75
151 77
151 84
151 95
151 99
151 101
151 137
151 142
151 143
151 144
151 145
151 148
151 149
151 150
151 154
151 155
151 157
151 159
151 160
151 166
151 168
151 169
151 171
151 173
151 174
151 175
151 176
151 180
151 183
151 184
151 186
151 189
151 192
154 0
154 1
154 3
154 4
154 6
154 9
154 11
154 16
154 18
154 21
154 27
154 28
154 30
154 31
154 35
154 36
154 38
154 39
154 40
154 50
154 54
154 60
154 68
154 71
154 74
154 84
154 88
154 94
154 101
154 130
154 134
154 143
155 54
155 60
155 64
155 71
155 74
155 76
155 88
155 93
155 95
155 102
155 131
155 137
155 144
155 148
157 54
157 60
157 64
157 71
157 74
157 76
157 88
157 93
157 98
157 130
157 134
157 138
157 145
157 149
157 151
157 154
157 155
157 159
157 160
157 166
157 168
157 169
157 171
157 173
157 174
157 175
157 176
157 180
157 183
157 184
157 186
157 189
157 192
159 0
159 1
159 3
159 4
159 6
159 9
159 11
159 16
159 18
159 21
159 27
159 28
159 31
159 35
159 36
159 38
159 39
159 40
159 42
159 44
159 47
159 49
159 50
159 51
159 54
159 55
159 62
159 69
159 73
159 75
159 86
159 91
159 94
159 101
159 130
159 134
159 143
159 145
159 149
160 65
160 68
160 71
160 77
160 84
160 88
160 98
160 100
160 102
160 138
160 142
160 144
160 151
160 155
160 159
160 171
160 175
160 180
160 189
166 1
166 6
166 18
166 28
166 31
166 39
166 44
166 49
166 55
166 64
166 66
166 71
166 77
166 91
166 99
166 131
166 142
166 149
166 157
166 171
166 183
166 189
168 0
168 9
168 18
168 27
168 35
168 40
168 44
168 51
168 60
168 64
168 69
168 74
168 76
168 86
168 95
168 102
168 138
168 145
168 154
168 166
168 175
168 186
169 3
169 9
169 16
169 28
169 35
169 38
169 47
169 51
169 55
169 65
169 69
169 74
169 79
169 88
169 93
169 99
169 101
169 102
169 137
169 138
169 144
169 145
169 151
169 154
169 160
169 166
169 174
169 175
169 184
169 186
171 1
171 3
171 16
171 18
171 31
171 36
171 44
171 50
171 54
171 64
171 68
171 71
171 77
171 86
171 91
171 98
171 101
171 130
171 138
171 142
171 143
171 149
171 150
171 157
171 159
171 169
171 173
171 180
171 183
171 192
173 0
173 6
173 9
173 27
173 28
173 36
173 38
173 49
173 51
173 62
173 66
173 69
173 75
173 84
173 88
173 95
173 100
173 102
173 137
173 142
173 144
173 150
173 159
173 171
173 183
174 0
174 9
174 27
174 36
174 44
174 54
174 62
174 65
174 71
174 75
174 77
174 88
174 94
174 98
174 102
174 134
174 138
174 144
174 149
174 151
174 157
174 169
174 180
174 192
175 6
175 21
175 35
175 42
175 51
175 65
175 69
175 73
175 77
175 88
175 93
175 99
175 102
175 131
175 141
175 144
175 148
175 154
175 159
175 160
175 171
175 173
175 183
175 184
176 0
176 1
176 9
176 11
176 27
176 28
176 36
176 38
176 44
176 49
176 55
176 60
176 66
176 69
176 75
176 79
176 86
176 94
176 99
176 101
176 134
176 141
176 143
176 149
176 154
176 157
176 169
176 171
176 180
176 183
176 192
180 0
180 6
180 9
180 27
180 28
180 36
180 38
180 44
180 47
180 55
180 60
180 66
180 68
180 73
180 76
180 79
180 93
180 98
180 100
180 131
180 138
180 142
180 148
180 151
180 155
180 166
180 175
180 189
183 4
183 18
183 35
183 42
183 51
183 65
183 73
183 75
183 77
183 88
183 94
183 98
183 102
183 134
183 138
183 144
183 149
183 151
183 159
183 168
183 174
183 186
184 3
184 16
184 30
184 39
184 49
184 62
184 69
184 74
184 79
184 91
184 94
184 100
184 130
184 134
184 142
184 145
184 150
184 157
184 166
184 169
184 175
184 176
184 189
184 192
186 4
186 6
186 18
186 21
186 31
186 35
186 40
186 42
186 50
186 51
186 62
186 64
186 69
186 71
186 76
186 84
186 88
186 95
186 100
186 102
186 137
186 142
186 144
186 150
186 155
186 159
186 169
186 171
186 176
186 180
186 192
189 0
189 6
189 9
189 21
189 28
189 36
189 38
189 44
189 47
189 54
189 55
189 66
189 68
189 74
189 77
189 84
189 94
189 99
189 101
189 134
189 141
189 143
189 149
189 154
189 160
189 173
189 183
192 1
192 11
192 28
192 39
192 49
192 60
192 65
192 71
192 75
192 77
192 88
192 94
192 98
192 102
192 134
192 138
192 144
192 154
192 166
192 174
192 184
1 130
6 168
11 173
30 192
35 131
38 134
39 168
42 138
44 173
47 143
54 183
60 189
71 134
75 138
77 173
84 180
88 184
94 157
99 100
131 68
134 169
138 42
142 79
145 16
149 86
150 21
151 88
157 28
157 94
160 31
160 64
168 6
168 39
171 9
173 11
173 44
175 79
180 51
180 84
184 88
189 27
